50 0.2
75 0.2
100 0.3
125 0.4
150 0.5
175 0.6
200 0.7
225 0.7
250 0.6
275 0.7
300 0.6
325 0.7
350 0.7
375 0.6
400 0.5
425 0.4
450 0.3
475 0.2
500 0.2
525 0.3
550 0.2
575 0.3
600 0.2
625 0.2
650 0.2
675 0.3
700 0.4
725 0.5
750 0.6
775 0.7
800 0.7
825 0.6
850 0.7
875 0.6
900 0.7
925 0.7
950 0.6
975 0.5
1000 0.4
1050 0.3
1100 0.2
1150 0.2
1200 0.3
1250 0.2
1300 0.3
1350 0.2
1400 0.2
1450 0.3
1500 0.4
1550 0.5
1600 0.6
1650 0.7
1700 0.7
1750 0.6
1800 0.7
1850 0.6
1900 0.7
1950 0.7
2000 0.6
2050 0.5
2100 0.4
2150 0.3
2200 0.2
2250 0.2
2300 0.3
2350 0.2
2400 0.3
2450 0.2
2500 0.2
2550 0.2
2600 0.3
2650 0.4
2700 0.5
2750 0.6
2800 0.7
2850 0.7
2900 0.6
2950 0.7
3000 0.6
3050 0.7
3100 0.7
3150 0.6
3200 0.5
3250 0.4
3300 0.3
3350 0.2
3400 0.2
3450 0.3
3500 0.2
3550 0.3
3600 0.2
3650 0.2
3700 0.3
3750 0.4
3800 0.5
3850 0.6
3900 0.7
3950 0.7
4000 0.6
4050 0.7
4100 0.6
4150 0.7
4200 0.7
4250 0.6
4300 0.5
4350 0.4
4400 0.3
4450 0.2
4500 0.2
4550 0.3
4600 0.2
4650 0.3
4700 0.2
4750 0.2
4800 0.2
4850 0.3
4900 0.4
4950 0.5
5000 0.6
5050 0.7
5100 0.7
5150 0.6
5200 0.7
5250 0.6
5300 0.7
5350 0.7
5400 0.6
5450 0.5
5500 0.4
5550 0.3
5600 0.2
5650 0.2
5700 0.3
5750 0.2
5800 0.3
5850 0.2
5900 0.2
5950 0.3
6000 0.4
6050 0.5
6100 0.6
6150 0.7
6200 0.7
6250 0.6
6300 0.7
6350 0.6
6400 0.7
6450 0.7
6500 0.6
6550 0.5
6600 0.4
6650 0.3
6700 0.2
6750 0.2
6800 0.3
6850 0.2
6900 0.3
6950 0.2
7000 0.2
7050 0.2
7100 0.3
7150 0.4
7200 0.5
7250 0.6
7300 0.7
7350 0.7
7400 0.6
7450 0.7
7500 0.6
7550 0.7
7600 0.7
7650 0.6
7700 0.5
7750 0.4
7800 0.3
7850 0.2
7900 0.2
7950 0.3
8000 0.2
8050 0.3
8100 0.2
8150 0.2
8200 0.3
8250 0.4
8300 0.5
8350 0.6
8400 0.7
8450 0.7
8500 0.6
8550 0.7
8600 0.6
8650 0.7
8700 0.7
8750 0.6
8800 0.5
8850 0.4
8900 0.3
8950 0.2
9000 0.2
9050 0.3
9100 0.2
9150 0.3
9200 0.2
9250 0.2
9300 0.2
9350 0.3
9400 0.4
9450 0.5
9500 0.6
9550 0.7
9600 0.7
9650 0.6
9700 0.7
9750 0.6
9800 0.7
9850 0.7
9900 0.6
9950 0.5
10000 0.4
10050 0.3
10100 0.2
10150 0.2
10200 0.3
10250 0.2
10300 0.3
10350 0.2
10400 0.2
10450 0.3
10500 0.4
10550 0.5
10600 0.6
10650 0.7
10700 0.7
10750 0.6
10800 0.7
10850 0.6
10900 0.7
10950 0.7
11000 0.6
11050 0.5
11100 0.4
11150 0.3
11200 0.2
11250 0.2
11300 0.3
11350 0.2
11400 0.3
11450 0.2
11500 0.2
11550 0.2
11600 0.3
11650 0.4
11700 0.5
11750 0.6
11800 0.7
11850 0.7
11900 0.6
11950 0.7
12000 0.6
12050 0.7
12100 0.7
12150 0.6
12200 0.5
12250 0.4
12300 0.3
12350 0.2
12400 0.2
12450 0.3
12500 0.2
12550 0.3
12600 0.2
12650 0.2
12700 0.3
12750 0.4
12800 0.5
12850 0.6
12900 0.7
12950 0.7
13000 0.6
13050 0.7
13100 0.6
13150 0.7
13200 0.7
13250 0.6
13300 0.5
13350 0.4
13400 0.3
13450 0.2
13500 0.2
13550 0.3
13600 0.2
13650 0.3
13700 0.2
13750 0.2
13800 0.2
13850 0.3
13900 0.4
13950 0.5
14000 0.6
14050 0.7
14100 0.7
14150 0.6
14200 0.7
14250 0.6
14300 0.7
14350 0.7
14400 0.6
14450 0.5
14500 0.4
14550 0.3
14600 0.2
14650 0.2
14700 0.3
14750 0.2
14800 0.3
14850 0.2
14900 0.2
14950 0.3
15000 0.4
15050 0.5
15100 0.6
15150 0.7
15200 0.7
15250 0.6
15300 0.7
15350 0.6
15400 0.7
15450 0.7
15500 0.6
15550 0.5
15600 0.4
15650 0.3
15700 0.2
15750 0.2
15800 0.3
15850 0.2
15900 0.3
15950 0.2
16000 0.2
16050 0.2
16100 0.3
16150 0.4
16200 0.5
16250 0.6
16300 0.7
16350 0.7
16400 0.6
16450 0.7
16500 0.6
16550 0.7
16600 0.7
16650 0.6
16700 0.5
16750 0.4
16800 0.3
16850 0.2
16900 0.2
16950 0.3
17000 0.2
17100 -1